euler: 31.374929351496405
dpmp_linear: 25.293023794988176
dpmp_cosine: 23.983665458047355
dpmp_quadratic: 27.11136951395936