euler: 32.857999159072065
dpmp_linear: 26.726115612653743
dpmp_cosine: 25.75607477449412
dpmp_quadratic: 28.48235741892937