euler: 25.475302288197376
dpmp_linear: 22.4740045480258
dpmp_cosine: 18.537269771462597
dpmp_quadratic: 26.26173905664851