euler: 21.934702433139982
dpmp_linear: 16.76065324221621
dpmp_cosine: 13.780611494313185
dpmp_quadratic: 19.521120860358103